92,36
92,35
68,1
68,0
67,9
67,8
67,7
3,2
3,1
3,3
67,6
67,5
67,4
67,3
67,2
67,1
67,0
65,4
65,3
65,2
65,1
65,0
64,4
64,3
64,2
64,1
64,0
63,5
63,4
63,3
63,2
63,1
63,0
62,4
62,3
62,2
62,1
62,0
61,3
10,165
61,2
61,1
61,0
60,3
10,91
10,85
60,2
60,1
60,0
59,5
59,4
59,3
10,219
59,2
59,1
59,0
58,7
58,6
58,5
58,4
58,3
10,229
58,2
58,1
45,5
45,4
10,71
45,1
10,269
35,14
35,1
34,8
34,1
33,106
33,105
33,104
10,243
33,103
33,102
33,101
33,100
33,99
33,98
33,97
33,96
33,95
33,94
33,93
33,92
33,91
33,90
33,89
33,88
11,27
33,87
33,86
33,85
33,84
33,83
33,82
33,81
33,80
33,79
33,78
33,77
33,76
11,23
33,75
33,74
33,73
11,26
11,24
11,13
11,19
33,72
33,1
31,10
31,9
31,1
25,9
25,8
25,7
25,6
14,15
14,14
14,13
8,16
8,17
8,11
14,12
14,10
12,2
12,1
12,3
11,30
11,29
11,14
11,10
11,9
11,5
11,4
11,3
20,2
20,1
